%YAML:1.0
frame_id: head_mount_kinect2_rgb_optical_frame
height: 1080
width: 1920
distortion_model: plumb_bob
D: [0.03290440896069523, -0.01150995340145234, 0.0002028362220555376, 0.0009354335018635986, -0.02337728029975571]
K: [1052.667867276341, 0, 962.4130834944134, 0, 1052.020917785721, 536.2206151001486, 0, 0, 1]
RDepth: [1, 0, 0, 0, 1, 0, 0, 0, 1]
TDepth: [0, 0, 0]

RRgb: [0.999947, 0.00432361, 0.00929419, -0.00446314, 0.999877, 0.0150443, -0.009228, -0.015085, 0.999844]
TRgb: [-24.0198, 5.8896, -13.2308 ] 

PDepth: [575.816, 0, 320, 0, 575.816, 240, 0, 0, 1 ]
PRgb: [517.679, 0, 320,0, 517.679, 240.5, 0, 0, 1  ]
binning_x: 0
binning_y: 0
roi:
  x_offset: 0
  y_offset: 0
  height: 0
  width: 0
  do_rectify: False
